Run,Time,Placed N,Placed Vol,Remaining N,Remaining Vol,Placed ratio,Filling ratio
RUN_1_none+none,0.96,456,46330207.8,183,25105426.9,0.65,0.61
RUN_2_none+random,0.69,324,28221375.2,315,43214259.4,0.4,0.37
RUN_3_none+axis_x,0.5,488,50720227.8,151,20715406.9,0.71,0.67
RUN_4_none+axis_y,2.44,388,37001415.2,251,34434219.4,0.52,0.49
RUN_5_none+axis_z,0.94,417,40979870.9,222,30455763.8,0.57,0.54
RUN_6_none+axis_xy,0.54,496,51817732.8,143,19617901.9,0.73,0.69
RUN_7_none+axis_xz,0.41,444,44683950.2,195,26751684.4,0.63,0.59
RUN_8_none+axis_yx,1.99,394,37824544.0,245,33611090.6,0.53,0.5
RUN_9_none+axis_yz,1.96,360,33160147.8,279,38275486.9,0.46,0.44
RUN_10_none+axis_zx,0.86,493,51406168.4,146,20029466.2,0.72,0.68
RUN_11_none+axis_zy,0.86,493,51406168.4,146,20029466.2,0.72,0.68
RUN_12_none+axis_xyz,0.71,522,55384624.0,117,16051010.6,0.78,0.73
RUN_13_none+axis_xzy,0.42,444,44683950.2,195,26751684.4,0.63,0.59
RUN_14_none+axis_yxz,1.6,359,33022959.6,280,38412675.0,0.46,0.44
RUN_15_none+axis_yzx,1.5,344,30965137.8,295,40470496.9,0.43,0.41
RUN_16_none+axis_zxy,0.85,493,51406168.4,146,20029466.2,0.72,0.68
RUN_17_none+axis_zyx,0.99,479,49485534.6,160,21950100.0,0.69,0.66
RUN_18_none+min_axis,1.24,359,33022959.6,280,38412675.0,0.46,0.44
RUN_19_none+max_axis,0.62,495,51680544.6,144,19755090.0,0.72,0.69
RUN_20_random+none,3.48,461,51779690.6,178,19655944.0,0.72,0.69
RUN_21_random+random,0.49,411,45912621.6,228,25523013.0,0.64,0.61
RUN_22_random+axis_x,1.96,495,55337631.1,144,16098003.5,0.77,0.73
RUN_23_random+axis_y,3.29,504,56421483.5,135,15014151.1,0.79,0.75
RUN_24_random+axis_z,0.96,415,46090620.1,224,25345014.5,0.65,0.61
RUN_25_random+axis_xy,1.43,489,54354782.4,150,17080852.2,0.76,0.72
RUN_26_random+axis_xz,0.0,6,571833.5,633,70863801.1,0.01,0.01
RUN_27_random+axis_yx,3.77,502,56487439.2,137,14948195.4,0.79,0.75
RUN_28_random+axis_yz,2.99,507,57070974.1,132,14364660.5,0.8,0.76
RUN_29_random+axis_zx,2.35,484,54110892.0,155,17324742.6,0.76,0.72
RUN_30_random+axis_zy,1.69,445,50034632.6,194,21401002.0,0.7,0.66
RUN_31_random+axis_xyz,1.39,464,52087828.8,175,19347805.9,0.73,0.69
RUN_32_random+axis_xzy,1.37,412,46141408.0,227,25294226.6,0.65,0.61
RUN_33_random+axis_yxz,2.77,483,53825973.1,156,17609661.5,0.75,0.71
RUN_34_random+axis_yzx,5.0,494,55653578.0,145,15782056.6,0.78,0.74
RUN_35_random+axis_zxy,2.0,432,48449563.8,207,22986070.9,0.68,0.64
RUN_36_random+axis_zyx,2.15,448,50063551.8,191,21372082.9,0.7,0.66
RUN_37_random+min_axis,6.52,477,52890500.1,162,18545134.5,0.74,0.7
RUN_38_random+max_axis,1.24,501,55695486.9,138,15740147.8,0.78,0.74
RUN_39_volume_desc+none,6.8,499,63304134.4,140,8131500.2,0.89,0.84
RUN_40_volume_desc+random,0.57,495,62949315.9,144,8486318.8,0.88,0.83
RUN_41_volume_desc+axis_x,7.4,503,63654767.9,136,7780866.8,0.89,0.84
RUN_42_volume_desc+axis_y,5.82,501,63479451.1,138,7956183.5,0.89,0.84
RUN_43_volume_desc+axis_z,6.32,496,63041159.2,143,8394475.4,0.88,0.84
RUN_44_volume_desc+axis_xy,7.57,503,63654767.9,136,7780866.8,0.89,0.84
RUN_45_volume_desc+axis_xz,7.0,490,62515209.0,149,8920425.6,0.88,0.83
RUN_46_volume_desc+axis_yx,5.78,501,63479451.1,138,7956183.5,0.89,0.84
RUN_47_volume_desc+axis_yz,5.78,498,63216476.0,141,8219158.6,0.88,0.84
RUN_48_volume_desc+axis_zx,7.27,507,64005401.4,132,7430233.2,0.9,0.85
RUN_49_volume_desc+axis_zy,7.3,507,64005401.4,132,7430233.2,0.9,0.85
RUN_50_volume_desc+axis_xyz,8.4,518,64969643.5,121,6465991.1,0.91,0.86
RUN_51_volume_desc+axis_xzy,6.95,490,62515209.0,149,8920425.6,0.88,0.83
RUN_52_volume_desc+axis_yxz,5.84,498,63216476.0,141,8219158.6,0.88,0.84
RUN_53_volume_desc+axis_yzx,5.97,498,63216476.0,141,8219158.6,0.88,0.84
RUN_54_volume_desc+axis_zxy,7.56,507,64005401.4,132,7430233.2,0.9,0.85
RUN_55_volume_desc+axis_zyx,7.97,510,64268376.5,129,7167258.1,0.9,0.85
RUN_56_volume_desc+min_axis,7.49,492,62690525.8,147,8745108.9,0.88,0.83
RUN_57_volume_desc+max_axis,7.37,503,63654767.9,136,7780866.8,0.89,0.84
RUN_58_volume_asc+none,0.98,451,45644267.1,188,25791367.5,0.64,0.61
RUN_59_volume_asc+random,0.85,307,25889177.1,332,45546457.5,0.36,0.34
RUN_60_volume_asc+axis_x,0.57,509,53601178.4,130,17834456.2,0.75,0.71
RUN_61_volume_asc+axis_y,2.32,386,36727039.0,253,34708595.6,0.51,0.49
RUN_62_volume_asc+axis_z,0.82,440,44135197.8,199,27300436.9,0.62,0.59
RUN_63_volume_asc+axis_xy,0.55,485,50308663.4,154,21126971.2,0.7,0.67
RUN_64_volume_asc+axis_xz,0.39,444,44683950.2,195,26751684.4,0.63,0.59
RUN_65_volume_asc+axis_yx,2.42,413,40431118.4,226,31004516.2,0.57,0.54
RUN_66_volume_asc+axis_yz,1.94,354,32337019.0,285,39098615.6,0.45,0.43
RUN_67_volume_asc+axis_zx,0.96,525,55796188.4,114,15639446.2,0.78,0.74
RUN_68_volume_asc+axis_zy,0.98,525,55796188.4,114,15639446.2,0.78,0.74
RUN_69_volume_asc+axis_xyz,0.81,560,60597772.8,79,10837861.9,0.85,0.8
RUN_70_volume_asc+axis_xzy,0.38,444,44683950.2,195,26751684.4,0.63,0.59
RUN_71_volume_asc+axis_yxz,2.01,385,36589850.9,254,34845783.8,0.51,0.49
RUN_72_volume_asc+axis_yzx,1.28,343,30827949.6,296,40607685.0,0.43,0.41
RUN_73_volume_asc+axis_zxy,0.96,525,55796188.4,114,15639446.2,0.78,0.74
RUN_74_volume_asc+axis_zyx,1.17,478,49348346.5,161,22087288.1,0.69,0.65
RUN_75_volume_asc+min_axis,1.55,377,35492345.9,262,35943288.8,0.5,0.47
RUN_76_volume_asc+max_axis,0.64,510,53738366.5,129,17697268.1,0.75,0.71
RUN_77_max_dims+none,0.98,435,43449257.1,204,27986377.5,0.61,0.58
RUN_78_max_dims+random,0.92,392,37550167.8,247,33885466.9,0.53,0.5
RUN_79_max_dims+axis_x,0.52,495,51680544.6,144,19755090.0,0.72,0.69
RUN_80_max_dims+axis_y,2.22,388,37001415.2,251,34434219.4,0.52,0.49
RUN_81_max_dims+axis_z,0.98,432,43037692.8,207,28397941.9,0.6,0.57
RUN_82_max_dims+axis_xy,0.4,404,39196425.2,235,32239209.4,0.55,0.52
RUN_83_max_dims+axis_xz,0.46,493,51406168.4,146,20029466.2,0.72,0.68
RUN_84_max_dims+axis_yx,1.46,343,30827949.6,296,40607685.0,0.43,0.41
RUN_85_max_dims+axis_yz,1.67,371,34669217.1,268,36766417.5,0.49,0.46
RUN_86_max_dims+axis_zx,0.84,510,53738366.5,129,17697268.1,0.75,0.71
RUN_87_max_dims+axis_zy,0.84,510,53738366.5,129,17697268.1,0.75,0.71
RUN_88_max_dims+axis_xyz,0.55,479,49485534.6,160,21950100.0,0.69,0.66
RUN_89_max_dims+axis_xzy,0.46,493,51406168.4,146,20029466.2,0.72,0.68
RUN_90_max_dims+axis_yxz,1.78,373,34943593.4,266,36492041.2,0.49,0.46
RUN_91_max_dims+axis_yzx,1.71,376,35355157.8,263,36080476.9,0.49,0.47
RUN_92_max_dims+axis_zxy,0.85,510,53738366.5,129,17697268.1,0.75,0.71
RUN_93_max_dims+axis_zyx,0.95,473,48662405.9,166,22773228.8,0.68,0.65
RUN_94_max_dims+min_axis,1.36,364,33708900.2,275,37726734.4,0.47,0.45
RUN_95_max_dims+max_axis,0.58,495,51680544.6,144,19755090.0,0.72,0.69
RUN_96_min_dims+none,0.95,434,43312069.0,205,28123565.6,0.61,0.57
RUN_97_min_dims+random,0.88,347,31376702.1,292,40058932.5,0.44,0.42
RUN_98_min_dims+axis_x,0.58,489,50857415.9,150,20578218.8,0.71,0.67
RUN_99_min_dims+axis_y,1.71,370,34532029.0,269,36903605.6,0.48,0.46
RUN_100_min_dims+axis_z,0.82,435,43449257.1,204,27986377.5,0.61,0.58
RUN_101_min_dims+axis_xy,0.64,495,51680544.6,144,19755090.0,0.72,0.69
RUN_102_min_dims+axis_xz,0.39,442,44409574.0,197,27026060.6,0.62,0.59
RUN_103_min_dims+axis_yx,2.13,406,39470801.5,233,31964833.1,0.55,0.52
RUN_104_min_dims+axis_yz,1.99,361,33297335.9,278,38138298.8,0.47,0.44
RUN_105_min_dims+axis_zx,1.0,512,54012742.8,127,17422891.9,0.76,0.72
RUN_106_min_dims+axis_zy,1.0,512,54012742.8,127,17422891.9,0.76,0.72
RUN_107_min_dims+axis_xyz,0.33,307,25889177.1,332,45546457.5,0.36,0.34
RUN_108_min_dims+axis_xzy,0.38,442,44409574.0,197,27026060.6,0.62,0.59
RUN_109_min_dims+axis_yxz,2.0,391,37412979.6,248,34022655.0,0.52,0.5
RUN_110_min_dims+axis_yzx,1.28,341,30553573.4,298,40882061.2,0.43,0.41
RUN_111_min_dims+axis_zxy,1.0,512,54012742.8,127,17422891.9,0.76,0.72
RUN_112_min_dims+axis_zyx,1.04,461,47016148.4,178,24419486.2,0.66,0.62
RUN_113_min_dims+min_axis,1.39,373,34943593.4,266,36492041.2,0.49,0.46
RUN_114_min_dims+max_axis,0.44,410,40019554.0,229,31416080.6,0.56,0.53
