Run,Time,Placed N,Placed Vol,Remaining N,Remaining Vol,Placed ratio,Filling ratio
RUN_115_none+none,6.28,472,48537748,244,25062998,0.66,0.64
RUN_116_none+random,6.33,476,49434868,240,24165878,0.67,0.66
RUN_117_none+axis_x,3.85,565,58171728,151,15429018,0.79,0.77
RUN_118_none+axis_y,5.9,335,34515284,381,39085462,0.47,0.46
RUN_119_none+axis_z,3.25,509,53787468,207,19813278,0.73,0.71
RUN_120_none+axis_xy,3.99,565,58171728,151,15429018,0.79,0.77
RUN_121_none+axis_xz,9.6,594,61105668,122,12495078,0.83,0.81
RUN_122_none+axis_yx,5.39,317,32786420,399,40814326,0.45,0.43
RUN_123_none+axis_yz,3.57,337,34707380,379,38893366,0.47,0.46
RUN_124_none+axis_zx,4.66,591,60934443,125,12666303,0.83,0.81
RUN_125_none+axis_zy,4.67,591,60934443,125,12666303,0.83,0.81
RUN_126_none+axis_xyz,5.68,602,62065893,114,11534853,0.84,0.82
RUN_127_none+axis_xzy,9.06,594,61105668,122,12495078,0.83,0.81
RUN_128_none+axis_yxz,5.59,313,32402228,403,41198518,0.44,0.43
RUN_129_none+axis_yzx,4.14,341,35109188,375,38491558,0.48,0.47
RUN_130_none+axis_zxy,4.69,591,60934443,125,12666303,0.83,0.81
RUN_131_none+axis_zyx,2.97,471,48680548,245,24920198,0.66,0.65
RUN_132_none+min_axis,8.79,436,44216132,280,29384614,0.6,0.59
RUN_133_none+max_axis,3.61,567,58360348,149,15240398,0.79,0.77
RUN_134_random+none,3.74,364,38026424,352,35574322,0.52,0.5
RUN_135_random+random,0.92,365,37356312,351,36244434,0.51,0.5
RUN_136_random+axis_x,1.97,382,39434407,334,34166339,0.54,0.52
RUN_137_random+axis_y,4.87,466,47705932,250,25894814,0.65,0.63
RUN_138_random+axis_z,1.72,378,38607521,338,34993225,0.52,0.51
RUN_139_random+axis_xy,2.95,378,38605790,338,34994956,0.52,0.51
RUN_140_random+axis_xz,2.3,354,36714161,362,36886585,0.5,0.49
RUN_141_random+axis_yx,1.77,480,49107684,236,24493062,0.67,0.65
RUN_142_random+axis_yz,3.54,500,50936157,216,22664589,0.69,0.68
RUN_143_random+axis_zx,1.56,353,36446852,363,37153894,0.5,0.48
RUN_144_random+axis_zy,1.62,358,36860615,358,36740131,0.5,0.49
RUN_145_random+axis_xyz,2.19,329,34117102,387,39483644,0.46,0.45
RUN_146_random+axis_xzy,2.21,365,37312515,351,36288231,0.51,0.49
RUN_147_random+axis_yxz,2.84,473,48271779,243,25328967,0.66,0.64
RUN_148_random+axis_yzx,3.26,497,51271383,219,22329363,0.7,0.68
RUN_149_random+axis_zxy,0.91,364,37192447,352,36408299,0.51,0.49
RUN_150_random+axis_zyx,2.62,384,39244672,332,34356074,0.53,0.52
RUN_151_random+min_axis,3.58,446,45792450,270,27808296,0.62,0.61
RUN_152_random+max_axis,2.5,354,36971567,362,36629179,0.5,0.49
RUN_153_volume_desc+none,5.96,408,46511246,308,27089500,0.63,0.62
RUN_154_volume_desc+random,0.9,450,50590414,266,23010332,0.69,0.67
RUN_155_volume_desc+axis_x,6.29,461,51594830,255,22005916,0.7,0.68
RUN_156_volume_desc+axis_y,6.98,371,42974606,345,30626140,0.58,0.57
RUN_157_volume_desc+axis_z,4.45,414,47101262,302,26499484,0.64,0.62
RUN_158_volume_desc+axis_xy,7.43,491,54437166,225,19163580,0.74,0.72
RUN_159_volume_desc+axis_xz,9.02,545,59534326,171,14066420,0.81,0.79
RUN_160_volume_desc+axis_yx,5.9,355,41480446,361,32120300,0.56,0.55
RUN_161_volume_desc+axis_yz,5.21,423,47983198,293,25617548,0.65,0.64
RUN_162_volume_desc+axis_zx,8.31,535,58593806,181,15006940,0.8,0.78
RUN_163_volume_desc+axis_zy,8.27,535,58593806,181,15006940,0.8,0.78
RUN_164_volume_desc+axis_xyz,12.21,539,58918974,177,14681772,0.8,0.78
RUN_165_volume_desc+axis_xzy,9.01,545,59534326,171,14066420,0.81,0.79
RUN_166_volume_desc+axis_yxz,6.65,417,47435422,299,26165324,0.64,0.63
RUN_167_volume_desc+axis_yzx,7.1,419,47597982,297,26002764,0.65,0.63
RUN_168_volume_desc+axis_zxy,8.32,535,58593806,181,15006940,0.8,0.78
RUN_169_volume_desc+axis_zyx,6.8,459,51453326,257,22147420,0.7,0.68
RUN_170_volume_desc+min_axis,6.91,409,46653838,307,26946908,0.63,0.62
RUN_171_volume_desc+max_axis,6.01,463,51780686,253,21820060,0.7,0.69
RUN_172_volume_asc+none,2.39,477,43508492,239,30092254,0.59,0.58
RUN_173_volume_asc+random,0.96,414,37210844,302,36389902,0.51,0.49
RUN_174_volume_asc+axis_x,1.6,553,51735177,163,21865569,0.7,0.69
RUN_175_volume_asc+axis_y,4.01,442,39941292,274,33659454,0.54,0.53
RUN_176_volume_asc+axis_z,1.44,497,45553752,219,28046994,0.62,0.6
RUN_177_volume_asc+axis_xy,0.69,311,27317900,405,46282846,0.37,0.36
RUN_178_volume_asc+axis_xz,1.13,511,47073852,205,26526894,0.64,0.62
RUN_179_volume_asc+axis_yx,2.54,391,35001740,325,38599006,0.48,0.46
RUN_180_volume_asc+axis_yz,3.13,451,40859552,265,32741194,0.56,0.54
RUN_181_volume_asc+axis_zx,3.1,608,58861017,108,14739729,0.8,0.78
RUN_182_volume_asc+axis_zy,3.08,608,58861017,108,14739729,0.8,0.78
RUN_183_volume_asc+axis_xyz,0.98,346,30679580,370,42921166,0.42,0.41
RUN_184_volume_asc+axis_xzy,1.14,511,47073852,205,26526894,0.64,0.62
RUN_185_volume_asc+axis_yxz,5.55,468,42592192,248,31008554,0.58,0.56
RUN_186_volume_asc+axis_yzx,3.86,423,38075276,293,35525470,0.52,0.5
RUN_187_volume_asc+axis_zxy,3.08,608,58861017,108,14739729,0.8,0.78
RUN_188_volume_asc+axis_zyx,2.35,520,48031752,196,25568994,0.65,0.64
RUN_189_volume_asc+min_axis,2.97,452,40960492,264,32640254,0.56,0.54
RUN_190_volume_asc+max_axis,1.7,526,48585552,190,25015194,0.66,0.64
RUN_191_max_dims+none,3.98,463,43298010,253,30302736,0.59,0.57
RUN_192_max_dims+random,1.8,428,39894570,288,33706176,0.54,0.53
RUN_193_max_dims+axis_x,0.2,182,23139748,534,50460998,0.31,0.31
RUN_194_max_dims+axis_y,4.69,366,33502153,350,40098593,0.46,0.44
RUN_195_max_dims+axis_z,0.01,8,438724,708,73162022,0.01,0.01
RUN_196_max_dims+axis_xy,1.27,333,30210649,383,43390097,0.41,0.4
RUN_197_max_dims+axis_xz,4.56,523,49019130,193,24581616,0.67,0.65
RUN_198_max_dims+axis_yx,4.87,407,37877562,309,35723184,0.51,0.5
RUN_199_max_dims+axis_yz,5.34,407,37877562,309,35723184,0.51,0.5
RUN_200_max_dims+axis_zx,3.22,598,58102186,118,15498560,0.79,0.77
RUN_201_max_dims+axis_zy,3.21,598,58102186,118,15498560,0.79,0.77
RUN_202_max_dims+axis_xyz,1.86,333,30178265,383,43422481,0.41,0.4
RUN_203_max_dims+axis_xzy,4.15,523,49019130,193,24581616,0.67,0.65
RUN_204_max_dims+axis_yxz,5.61,403,37493370,313,36107376,0.51,0.5
RUN_205_max_dims+axis_yzx,6.13,410,38165706,306,35435040,0.52,0.51
RUN_206_max_dims+axis_zxy,3.23,598,58102186,118,15498560,0.79,0.77
RUN_207_max_dims+axis_zyx,3.56,492,46097322,224,27503424,0.63,0.61
RUN_208_max_dims+min_axis,5.93,441,41143194,275,32457552,0.56,0.55
RUN_209_max_dims+max_axis,2.69,581,55844826,135,17755920,0.76,0.74
RUN_210_min_dims+none,1.55,468,43925256,248,29675490,0.6,0.58
RUN_211_min_dims+random,0.54,295,26606500,421,46994246,0.36,0.35
RUN_212_min_dims+axis_x,0.45,416,38610932,300,34989814,0.52,0.51
RUN_213_min_dims+axis_y,2.59,377,35042276,339,38558470,0.48,0.46
RUN_214_min_dims+axis_z,0.97,390,36231828,326,37368918,0.49,0.48
RUN_215_min_dims+axis_xy,0.29,284,25549972,432,48050774,0.35,0.34
RUN_216_min_dims+axis_xz,0.59,478,45463956,238,28136790,0.62,0.6
RUN_217_min_dims+axis_yx,2.02,396,36780852,320,36819894,0.5,0.49
RUN_218_min_dims+axis_yz,2.03,361,33578212,355,40022534,0.46,0.45
RUN_219_min_dims+axis_zx,1.97,577,57736404,139,15864342,0.78,0.77
RUN_220_min_dims+axis_zy,1.95,577,57736404,139,15864342,0.78,0.77
RUN_221_min_dims+axis_xyz,0.31,321,29103748,395,44496998,0.4,0.39
RUN_222_min_dims+axis_xzy,0.6,478,45463956,238,28136790,0.62,0.6
RUN_223_min_dims+axis_yxz,2.34,394,36597844,322,37002902,0.5,0.49
RUN_224_min_dims+axis_yzx,1.87,373,34676260,343,38924486,0.47,0.46
RUN_225_min_dims+axis_zxy,1.96,577,57736404,139,15864342,0.78,0.77
RUN_226_min_dims+axis_zyx,1.25,427,39617476,289,33983270,0.54,0.53
RUN_227_min_dims+min_axis,2.45,424,39342964,292,34257782,0.53,0.52
RUN_228_min_dims+max_axis,0.91,485,46354156,231,27246590,0.63,0.61
